# Regular graphs, not isomorph
G= nx.Graph()
G.add_edges_from([(1,2),(2,3),(3,4),(4,5),(5,6),(6,1)])
H= nx.Graph()
H.add_edges_from([(1,2),(2,3),(3,1),(4,5),(5,6),(6,4)])


# Normal graph, isomorph
G= nx.Graph()
G.add_edges_from([(1,4),(2,4),(3,4),(4,9),(9,5),(9,6),(9,7),(9,8)])
H= nx.Graph()
H.add_edges_from([(1,2),(2,3),(2,4),(2,6),(5,6),(6,7),(6,8),(9,6)])


# Not isomorph
G= nx.Graph()
G.add_edges_from([(1,3),(1,2),(3,2),(2,4),(3,4),(4,6),(6,7),(6,5),(6,9),
(9,8),(9,10),(9,12),(12,11),(12,13),(12,14),(14,15),(14,16),(15,18),(15,17),
(16,18),(16,17),(18,19),(17,19),(19,21),(21,22),(21,20),(21,24),(24,23),
(24,25),(24,26),(26,27),(26,28),(27,29),(27,28),(28,30)])
H= nx.Graph()
H.add_edges_from([(28,27),(28,30),(27,30),(27,26),(30,26),(26,29),(29,22),
(29,25),(29,21),(21,23),(21,24),(21,20),(20,19),(20,18),(19,17),(19,15),
(18,15),(18,17),(15,16),(17,16),(16,14),(14,9),(14,13),(14,12),(12,11),
(12,8),(12,10),(10,7),(10,5),(10,6),(6,4),(6,2),(2,4),(1,4),(2,3)])


# Isomorph
G= nx.Graph()
G.add_edges_from([(1,3),(1,2),(3,2),(2,4),(3,4),(4,6),(6,7),(6,5),(6,9),
(9,8),(9,10),(9,12),(12,11),(12,13),(12,14),(14,15),(14,16),(15,18),(15,17),
(16,18),(16,17),(18,19),(17,19),(19,21),(21,22),(21,20),(21,24),(24,23),
(24,25),(24,26),(26,27),(26,28),(27,29),(27,28),(28,30)])
H= nx.Graph()
H.add_edges_from([(28,27),(28,30),(27,30),(27,26),(30,26),(26,29),(29,22),
(29,25),(29,21),(21,23),(21,24),(21,14),(20,19),(20,18),(19,17),(19,15),
(18,15),(18,17),(15,16),(17,16),(16,12),(14,9),(14,13),(14,20),(12,11),
(12,8),(12,10),(10,7),(10,5),(10,6),(6,4),(6,2),(2,4),(1,4),(2,3)])


# Isomorph
G= nx.Graph()
G.add_edges_from([(1,3),(1,2),(3,2),(2,4),(3,4),(4,6),(6,7),(6,5),(6,9),
(9,8),(9,10),(9,12),(12,11),(12,13),(12,14),(14,15),(14,16),(15,18),(15,17),
(16,18),(16,17),(18,19),(17,19),(19,21),(21,22),(21,20),(21,24),(24,23),
(24,25),(24,26),(26,27),(26,28),(27,29),(27,28),(28,30),(16,31),(17,31),
(31,32),(31,33),(32,33),(32,36),(33,35),(36,35),(36,37),(36,38),(35,39),
(35,34),(37,38),(34,39),(38,40),(38,41),(38,39),(39,41),(39,42),(40,43),
(41,43),(41,44),(42,44),(43,45),(44,45),(45,46),(45,47),(46,47),(46,50),
(47,48),(48,49),(49,50)])
H= nx.Graph()
H.add_edges_from([(28,27),(28,30),(27,30),(27,26),(30,26),(26,29),(29,22),
(29,25),(29,21),(21,23),(21,24),(21,14),(20,19),(20,18),(19,17),(19,15),
(18,15),(18,17),(15,16),(17,16),(16,12),(14,9),(14,13),(14,20),(12,11),(12,8),
(12,10),(10,7),(10,5),(10,6),(6,4),(6,2),(2,4),(1,4),(2,3),(18,31),(17,31),
(31,32),(31,33),(32,33),(32,36),(33,35),(36,35),(36,37),(36,38),(35,39),
(35,34),(37,38),(34,39),(38,40),(38,41),(38,39),(39,41),(39,42),(40,43),
(41,43),(41,44),(42,44),(43,45),(44,45),(45,46),(45,47),(46,47),(46,50),
(47,48),(48,49),(49,50)])

